111.26973471057924 148.46199976235854 173.35727617354297 179.3827613285168 193.10748857976202 
500.5112849393697 244.54109249054875 214.16100031858076 205.28550467841288 106.50993504456889 
585.5033927082962 322.76898587106126 565.0404072118633 117.08243133519481 433.682964188537 
148.12587720182415 123.75382270086928 245.0783681017191 487.35838797103804 391.1060791501093 
602.4311165596871 62.70589326416909 292.31696325075904 223.2183180370048 412.9590173355499 
597.5298940564825 99.84935465000342 352.4463617273867 273.7357882596117 173.42871541268204 
279.6637169305118 363.3451502749588 578.2676169352998 192.6030489119933 521.3129288558916 
102.48590906987478 25.325182327483226 104.73091847749232 607.7287668452759 30.344364026099683 
369.25398494177887 559.3623068080909 494.4568781163675 410.7253669774389 99.03221607312116 
287.6473353274016 578.1860218605469 558.817974823469 204.66993529719852 609.4917249135717 
188.1656035510906 118.97467057390925 339.5433544356246 412.23315962098707 284.1051273893674 
293.3084345565432 437.2578764690423 596.9324818236084 294.1492745953274 92.2013941703616 
191.633718921466 538.3733096984051 176.52248735701016 227.81895267401575 358.40782830459085 
454.86398312690596 338.4367080308533 421.72289740348947 387.2459017343269 333.9354512850732 
595.8560416488227 47.677508608480665 242.65813737166874 610.028896240812 107.71211202355092 
180.74219165314398 22.412632618172992 340.2668801729061 368.16383927436766 473.74457777476414 
132.03998466292543 174.4017702975576 290.4954492985462 32.22761167566142 124.02309724789116 
165.03506371343119 166.2463223112427 208.96468290060966 460.2656096677304 614.2015584763619 
233.16664744064624 189.13621645705496 206.43304574828775 502.41197076288364 135.59236086171245 
387.26168575309947 616.7602284599404 196.24779691224134 310.83346409510176 26.980843290150474 
117.91867793040348 280.60216772754154 485.1690703145932 24.77768962070979 550.537900611394 
511.66052511814115 213.04324399715549 248.74112352970113 276.9742113678293 36.71463153546724 
543.0553170350734 173.45593253060918 313.9208844852539 176.9040149756163 44.33824149494714 
102.11799957960129 598.4532887752149 418.97829294570164 176.91906000396617 276.96721969601816 
246.1029502957743 612.1742412388344 339.6548617232954 149.13218567668633 209.55403246399223 
316.3014219536188 279.3383719442019 228.98019470696732 296.5562798955788 197.13003543737364 
94.56653879640984 88.06631766126263 55.64791127820155 315.17468988955295 217.9662248711785 
33.77540923132061 588.2823243293636 503.96807069931145 310.3704343038154 327.7507604419283 
295.9524065993757 383.9179484438326 350.53907135940943 369.2030079417809 520.9061497674481 
307.8415478544993 154.01783541008473 414.1933279645427 589.0472941362001 484.27085525832354 
