444.5180554004573 411.29358866401344 184.8140411583462 142.36684213268285 209.0706778495235 
444.86263513691506 78.60377892262976 448.11537740491093 44.598495529017335 507.521003560824 
304.195257805999 484.75099361090855 176.17373748068513 161.98875912895517 350.79117505290026 
226.23853715999869 372.7260314344824 209.464557701652 36.096925169685264 485.64959971501077 
406.1722213447753 406.8197773685892 233.65416875877392 406.663842771904 94.31693766774401 
412.5828007430129 169.29670770279742 184.83718606920013 179.47702247527374 244.91686906128706 
101.18176600004179 364.33994283039664 419.78296551732814 159.79434987837126 322.8498593715405 
180.86810591447093 395.11048685570324 482.57070159675624 53.76634921584333 46.430722591323075 
154.59535140064082 51.16119641161053 406.7977932512955 396.71680416113657 457.68456214907036 
54.02363648089064 247.07631135643447 246.74454794702353 485.6770509835714 171.14997961684614 
381.7048666067911 425.49622474767466 25.707054809018405 51.27022479167225 144.75690726140988 
85.2417961267346 254.1231207973563 283.4715147319336 67.02320636744129 206.2542979759465 
371.2160961555316 146.43569786109316 444.9591696474765 442.6203266749798 464.2491020663825 
43.498370194706304 248.28574263591028 279.84853389982266 100.74257527132046 156.73265807406372 
430.696945585134 99.97929876459115 278.9676563413797 478.2606319576839 333.1272974930043 
374.8988745041174 487.6008553685642 501.9958468497276 494.0320944424545 333.56088408423483 
251.4932852999394 484.01969469376786 306.1338371323073 73.81849547473666 165.5075165809794 
304.79507548685996 84.08778396602634 214.57025900534254 43.37513843964884 91.42028478389096 
232.51985379694938 308.92284440739354 433.5282630169557 383.12628534573656 328.8899478289985 
364.07369348922293 378.8579868949384 248.2205698002994 60.63384399089421 438.61679252030956 
422.35296799672705 385.68065168479643 81.0367966128046 412.9747032067414 485.57131494886704 
369.60034330959576 473.2919239429391 153.65986634329153 371.89879414364276 319.69193604306554 
137.19654241005185 417.06841760747045 271.54653296513703 406.04742283128553 37.939578598137395 
463.50963016369735 270.24145165947397 221.36187482679287 381.4331619599289 477.17399630024516 
488.5623005644659 178.82210076434168 405.64153296077245 12.743222954582736 103.87467301485164 
218.8637121337189 102.3603734047777 314.34519432796577 131.81800102351036 232.99973396346707 
308.89974206359256 477.55697155393136 469.2976544603855 237.92385818852452 234.12365902976595 
50.159080061933636 325.935325918148 458.0915129432459 108.29951818975834 292.34413597432416 
295.93075120581824 99.98174416997601 271.2104420190777 442.08286473752946 447.28797373640685 
226.2432877756054 137.983739468149 456.3508278212395 430.35922882682746 262.9276461870577 
